,Player,Elo,#Questions
0,0,731.5990900381632,0
1,0,750.7780766960783,1
2,0,767.7714997162218,2
3,0,742.8863100383071,3
4,0,760.7732611651444,4
5,0,776.6528145553402,5
6,0,790.8188059131996,6
7,0,803.5304672012144,7
8,0,775.0081028109767,8
9,0,789.347811169899,9
10,0,802.2067878175219,10
11,0,813.8095502551645,11
12,0,784.3435388910216,12
13,0,797.7102866485269,13
14,0,809.7440572290581,14
15,0,820.6452523105538,15
16,0,830.5800170934017,16
17,0,839.685460926901,17
18,0,848.0747659385639,18
19,0,855.8416627253483,19
20,0,863.0641519144051,20
21,0,869.807518485136,21
22,0,876.1267423763614,22
23,0,884.3797872560122,23
24,0,892.0277895205232,24
25,0,859.1458856439535,25
26,0,865.5992557384742,26
27,0,874.9377435633061,27
28,0,883.5287581418868,28
29,0,891.471373970177,29
30,0,898.8479100094405,30
31,0,865.7271440852,31
32,0,875.0550963816589,32
33,0,843.637000292753,33
34,0,850.377501142958,34
35,0,856.694180818719,35
36,0,867.3641620227049,36
37,0,877.100962118052,37
38,0,886.035869569125,38
39,0,894.2773181649878,39
40,0,901.9151947425394,40
41,0,909.0243940448561,41
42,0,915.6676871709506,42
43,0,921.8980116918345,43
44,0,929.9157772513245,44
45,0,937.3581088799355,45
46,0,944.2953020071659,46
47,0,950.7864016423429,47
48,0,962.0257598772965,48
49,0,972.2496138112424,49
50,1,1192.6091216270934,0
51,1,1172.7611265550902,1
52,1,1155.186228071644,2
53,1,1139.5741939087607,3
54,1,1125.6355451664776,4
55,1,1113.1166760100998,5
56,1,1101.8028633166755,6
57,1,1131.5154259973574,7
58,1,1158.4070896735484,8
59,1,1142.4406886471368,9
60,1,1128.2008557327356,10
61,1,1115.426575817349,11
62,1,1103.895747893975,12
63,1,1093.4231086358934,13
64,1,1083.855483305991,14
65,1,1075.0665084078757,15
66,1,1066.9517584296777,16
67,1,1059.424588695918,17
68,1,1065.663464528409,18
69,1,1098.4414934925937,19
70,1,1088.7138222676708,20
71,1,1079.7867847971702,21
72,1,1071.552164777412,22
73,1,1103.9202513413175,23
74,1,1133.7207249164014,24
75,1,1120.7049675752805,25
76,1,1108.9690831639418,26
77,1,1098.3216110707092,27
78,1,1088.6040972316164,28
79,1,1119.6858170474336,29
80,1,1108.046996765978,30
81,1,1137.4822633597462,31
82,1,1124.0834176947976,32
83,1,1112.022413549296,33
84,1,1101.0980365012072,34
85,1,1091.1434374644177,35
86,1,1122.0209207518176,36
87,1,1110.1590073202922,37
88,1,1099.4041551969274,38
89,1,1089.594658689383,39
90,1,1080.597098645657,40
91,1,1112.301304641595,41
92,1,1141.3514122050162,42
93,1,1127.5527681246226,43
94,1,1155.1526337137043,44
95,1,1139.8847241358858,45
96,1,1126.2383022230595,46
97,1,1113.9672758237953,47
98,1,1142.864194886398,48
99,1,1128.907707682518,49
100,2,771.0507841752335,0
101,2,739.571570560553,1
102,2,750.772059579711,2
103,2,760.9627103909394,3
104,2,770.2882357159825,4
105,2,778.8680407781025,5
106,2,786.8009001637731,6
107,2,794.1688904514242,7
108,2,801.040593477923,8
109,2,807.4736647503519,9
110,2,817.4394118077562,10
111,2,826.5715234405296,11
112,2,834.9839302892375,12
113,2,842.7709692226157,13
114,2,850.0111307509836,14
115,2,856.7700962183897,15
116,2,863.1031674014328,16
117,2,872.2815492600081,17
118,2,880.7340269556809,18
119,2,888.5559925391002,19
120,2,895.8267891471913,20
121,2,862.6127879008167,21
122,2,871.8311589170095,22
123,2,880.3182555462506,23
124,2,888.1703850841681,24
125,2,895.4676302401651,25
126,2,902.2769603692623,26
127,2,908.6547227554215,27
128,2,880.5773773624541,28
129,2,887.4422818622782,29
130,2,853.8693265952431,30
131,2,860.0977902311646,31
132,2,828.6473243718468,32
133,2,795.4726142097992,33
134,2,761.8788472345668,34
135,2,770.6470382325609,35
136,2,778.7437302945287,36
137,2,746.2551099735208,37
138,2,756.3165900920576,38
139,2,765.531066974582,39
140,2,774.0147929234116,40
141,2,781.8639859743736,41
142,2,789.1586567085924,42
143,2,795.9657161403151,43
144,2,802.3414642074459,44
145,2,811.3275725835668,45
146,2,819.6134355058742,46
147,2,827.2900877211993,47
148,2,834.4333515427162,48
149,2,801.10674901252,49
150,3,1049.373798011346,0
151,3,1056.3871883874253,1
152,3,1062.9457465486978,2
153,3,1053.429633995941,3
154,3,1019.8753211171511,4
155,3,988.6905722037789,5
156,3,1000.2163085702815,6
157,3,970.6846047588907,7
158,3,983.9826758912544,8
159,3,995.9581735568555,9
160,3,1006.8097574763264,10
161,3,1016.7020669895193,11
162,3,1025.7709582354792,12
163,3,994.128589964491,13
164,3,1005.1475398687345,14
165,3,1015.1830288164437,15
166,3,1024.3751492318547,16
167,3,1032.8395217967065,17
168,3,1040.671852657287,18
169,3,1047.9517387559968,19
170,3,1054.7457565231796,20
171,3,1061.1099343485512,21
172,3,1052.0595879603081,22
173,3,1018.3112758969944,23
174,3,1026.8944682975507,24
175,3,1034.830276032587,25
176,3,1002.2008488953998,26
177,3,1012.1003382631561,27
178,3,1021.1754119013212,28
179,3,1029.5384014395452,29
180,3,997.282348723263,30
181,3,967.6096787802182,31
182,3,940.7599494709042,32
183,3,947.5588488717387,33
184,3,953.9273577764278,34
185,3,929.2127944082583,35
186,3,935.9592213043563,36
187,3,942.2811620845592,37
188,3,919.5858317376884,38
189,3,926.2218792028182,39
190,3,932.4457628334332,40
191,3,951.6070462931505,41
192,3,928.5851302513215,42
193,3,908.1904445315363,43
194,3,914.7799590050687,44
195,3,896.35068268198,45
196,3,863.1082327358857,46
197,3,869.931845139789,47
198,3,876.3222759547714,48
199,3,884.9800028182339,49
200,4,688.870455632642,0
201,4,700.4038553711553,1
202,4,670.8786883359596,2
203,4,684.1835988764143,3
204,4,696.1649001149333,4
205,4,707.0214254302158,5
206,4,716.9179641154896,6
207,4,725.9904970334305,7
208,4,694.3512847565936,8
209,4,705.3737553953998,9
210,4,675.4122549067241,10
211,4,648.2578260347111,11
212,4,663.9664250265606,12
213,4,637.9871175399255,13
214,4,614.8368822677488,14
215,4,634.3255805397608,15
216,4,651.5877447340567,16
217,4,626.9321656551106,17
218,4,645.0339621710424,18
219,4,661.0980084255993,19
220,4,635.420887052982,20
221,4,652.5594208380867,21
222,4,627.7981738011472,22
223,4,645.8012131064763,23
224,4,661.780421703094,24
225,4,676.0311458031506,25
226,4,688.8146616241683,26
227,4,700.3533344534908,27
228,4,670.8326651810747,28
229,4,644.1422809848731,29
230,4,660.3051088479641,30
231,4,634.7120264127179,31
232,4,651.9305464815706,32
233,4,667.2376566139578,33
234,4,680.9173565851929,34
235,4,653.2166092421539,35
236,4,628.3840531780213,36
237,4,606.3203358306176,37
238,4,586.7893403123811,38
239,4,569.4904155517164,39
240,4,594.1145617952914,40
241,4,575.9834258559872,41
242,4,559.8941646028826,42
243,4,545.549836805367,43
244,4,532.6869427158728,44
245,4,521.0808534534534,45
246,4,510.54402799715666,46
247,4,500.9213558623703,47
248,4,492.0848763846954,48
249,4,483.92886501944133,49
250,5,1057.9334453233623,0
251,5,1071.661871297117,1
252,5,1084.002451687884,2
253,5,1095.164687755014,3
254,5,1105.3226556107631,4
255,5,1114.6200924141833,5
256,5,1123.1756034841621,6
257,5,1131.0873145897533,7
258,5,1098.436777960197,8
259,5,1108.3119139406215,9
260,5,1077.3660162050062,10
261,5,1089.1533566349801,11
262,5,1099.8446771151434,12
263,5,1109.59975878528,13
264,5,1118.5504251512648,14
265,5,1126.8055459412142,15
266,5,1094.4553607353698,16
267,5,1064.6753409918583,17
268,5,1077.7126590942528,18
269,5,1049.4668473844479,19
270,5,1024.0871012954115,20
271,5,990.5130574423857,21
272,5,959.3047823228146,22
273,5,970.804644946761,23
274,5,981.2508694603197,24
275,5,990.7958348949879,25
276,5,999.5652488311628,26
277,5,1007.66300352571,27
278,5,1015.1753124625023,28
279,5,982.1741017891255,29
280,5,951.642036992045,30
281,5,963.8780759674897,31
282,5,974.9513954424415,32
283,5,945.0333693643441,33
284,5,957.9249658891001,34
285,5,969.5554293666573,35
286,5,940.1130377535543,36
287,5,953.5044472743901,37
288,5,965.5591423039767,38
289,5,936.478149057338,39
290,5,910.2448894423632,40
291,5,926.8505454001651,41
292,5,901.6345695531534,42
293,5,879.2103382225148,43
294,5,899.3558111286105,44
295,5,877.1904738140346,45
296,5,897.5684497599987,46
297,5,915.6066975602696,47
298,5,891.6161456862727,48
299,5,910.3351060050562,49
300,6,1250.768543419269,0
301,6,1257.4573816704112,1
302,6,1263.7281794106193,2
303,6,1284.879827822205,3
304,6,1263.599332083473,4
305,6,1284.7657647717256,5
306,6,1303.4983477445905,6
307,6,1320.105677335331,7
308,6,1294.8911279747365,8
309,6,1312.4682429110414,9
310,6,1328.0821754356946,10
311,6,1302.0224368787974,11
312,6,1278.7950316398196,12
313,6,1258.2134839579362,13
314,6,1239.9965636499517,14
315,6,1246.6155475717355,15
316,6,1252.824260603674,16
317,6,1275.945255672343,17
318,6,1296.42996325478,18
319,6,1314.5618382330874,19
320,6,1330.651734699015,20
321,6,1344.9966028639544,21
322,6,1317.8599552038534,22
323,6,1333.586049348226,23
324,6,1307.621608349553,24
325,6,1284.4856223726572,25
326,6,1303.9872820054284,26
327,6,1321.2607093967843,27
328,6,1296.614760476968,28
329,6,1274.7255476156654,29
330,6,1295.3505706169651,30
331,6,1273.605700994664,31
332,6,1294.3594974621833,32
333,6,1312.727916036297,33
334,6,1329.0212928295987,34
335,6,1343.5393192193021,35
336,6,1356.5495208659663,36
337,6,1368.2806886802555,37
338,6,1378.924141054691,38
339,6,1388.6382104499824,39
340,6,1397.5535208246804,40
341,6,1405.7779646820181,41
342,6,1413.400990910772,42
343,6,1420.497140359906,43
344,6,1427.1288975803598,44
345,6,1393.3489672076335,45
346,6,1401.8941802714942,46
347,6,1409.796925367234,47
348,6,1417.1385328544063,48
349,6,1423.9869811429364,49
350,7,1084.781870891505,0
351,7,1094.3397637546584,1
352,7,1103.1203376005026,2
353,7,1111.2277887997363,3
354,7,1078.7485767399937,4
355,7,1048.8208525848672,5
356,7,1061.702186999486,6
357,7,1073.3239360293248,7
358,7,1083.8741141994917,8
359,7,1093.5082350663224,9
360,7,1102.3545921365546,10
361,7,1110.5191807673284,11
362,7,1118.089915195305,12
363,7,1125.1400961011793,13
364,7,1131.7312036782728,14
365,7,1141.9575073719918,15
366,7,1111.3136667000317,16
367,7,1118.1372709299537,17
368,7,1124.5276944952132,18
369,7,1136.0104497829961,19
370,7,1146.4420794299383,20
371,7,1155.974523060446,21
372,7,1164.7331261930578,22
373,7,1172.8214867854865,23
374,7,1180.3255803627912,24
375,7,1147.3171407422194,25
376,7,1156.7766287232344,26
377,7,1125.472224122085,27
378,7,1096.8661644236915,28
379,7,1103.7300481531238,29
380,7,1070.156187983719,30
381,7,1038.9481319576862,31
382,7,1010.4482356259816,32
383,7,984.8108116874104,33
384,7,961.9871457587936,34
385,7,981.7721710184028,35
386,7,959.2921820105321,36
387,7,979.3874674372038,37
388,7,957.178250043492,38
389,7,937.5168792385247,39
390,7,920.1045536271442,40
391,7,904.6316947788621,41
392,7,930.8112586888859,42
393,7,954.1538772249897,43
394,7,934.8404626684544,44
395,7,917.7304860789817,45
396,7,902.5161316196969,46
397,7,888.9151696784664,47
398,7,876.6827035118038,48
399,7,865.6124233756776,49
400,8,1193.8432637414564,0
401,8,1205.599768814602,1
402,8,1176.2648139558307,2
403,8,1189.7681946984756,3
404,8,1201.9178843272157,4
405,8,1212.9177375867814,5
406,8,1222.9368961083878,6
407,8,1232.114967759206,7
408,8,1240.5671768607608,8
409,8,1248.3889083757879,9
410,8,1215.6594997138398,10
411,8,1225.4434851981912,11
412,8,1194.4190626461425,12
413,8,1166.1206137963436,13
414,8,1180.6876248836115,14
415,8,1193.7393711293696,15
416,8,1205.5058076844161,16
417,8,1216.179315968423,17
418,8,1185.9191379060487,18
419,8,1158.4469192105046,19
420,8,1173.8415964499645,20
421,8,1147.5956429986302,21
422,8,1164.1890620894465,22
423,8,1138.962656704445,23
424,8,1156.5285811962428,24
425,8,1132.1329295090125,25
426,8,1110.4768305207458,26
427,8,1131.3096993679744,27
428,8,1109.747764638169,28
429,8,1090.664409602332,29
430,8,1073.7538194749854,30
431,8,1098.709719373418,31
432,8,1080.8891205050345,32
433,8,1065.0664933910887,33
434,8,1050.9488929454594,34
435,8,1038.2782677652683,35
436,8,1026.8354952884247,36
437,8,1056.4379807708374,37
438,8,1043.2140491587654,38
439,8,1031.3014663423892,39
440,8,1020.5034574956596,40
441,8,1050.6570085373662,41
442,8,1078.015456808931,42
443,8,1062.5081209396621,43
444,8,1048.6584043401433,44
445,8,1036.2149555037424,45
446,8,1024.9652536537897,46
447,8,1014.7325649973131,47
448,8,1005.3709202822198,48
449,8,996.7598833384573,49
450,9,859.8863176709108,0
451,9,866.3905352423466,1
452,9,836.4290947546369,2
453,9,843.4824885543273,3
454,9,850.0764379821142,4
455,9,862.2468314452723,5
456,9,873.2643014993326,6
457,9,883.2985250174195,7
458,9,892.489556863641,8
459,9,900.9529869925484,9
460,9,908.7844966500448,10
461,9,916.0636626576475,11
462,9,922.8570451697437,12
463,9,929.2206593656628,13
464,9,912.9161942385579,14
465,9,919.3907771702925,15
466,9,904.5167825521472,16
467,9,911.0517185751073,17
468,9,897.4033851160315,18
469,9,863.9565470726487,19
470,9,872.8996477287725,20
471,9,881.1482048577492,21
472,9,888.7922886278354,22
473,9,895.906941925505,23
474,9,902.5550557944609,24
475,9,908.7896653006163,25
476,9,895.9524693117485,26
477,9,902.1982349570898,27
478,9,890.3158717646202,28
479,9,896.5431777792191,29
480,9,885.4864229752669,30
481,9,875.4186101425863,31
482,9,881.9128567935866,32
483,9,872.4250362218393,33
484,9,878.810405948803,34
485,9,869.8370906632753,35
486,9,876.106030974826,36
487,9,867.5919202620615,37
488,9,859.7162598186828,38
489,9,866.1033121609254,39
490,9,898.5630406104198,40
491,9,928.4684189305414,41
492,9,915.5634433947932,42
493,9,903.9216189271888,43
494,9,893.354324210613,44
495,9,883.705528820133,45
496,9,914.8465122978768,46
497,9,903.2726945155821,47
498,9,892.7633890277878,48
499,9,883.1643156806102,49
500,10,1067.012332579122,0
501,10,1096.671215010664,1
502,10,1083.5064622712193,2
503,10,1071.6441039886624,3
504,10,1100.8888729349926,4
505,10,1087.2917577614414,5
506,10,1115.0625545899836,6
507,10,1099.965017500654,7
508,10,1086.4632005936242,8
509,10,1114.3148376112954,9
510,10,1099.2981264513126,10
511,10,1125.8648971133462,11
512,10,1149.5818782934853,12
513,10,1170.6111350698766,13
514,10,1149.2224573828457,14
515,10,1130.2929799766628,15
516,10,1113.5155325873723,16
517,10,1138.585032293603,17
518,10,1160.871221419976,18
519,10,1140.6016709418693,19
520,10,1162.6584255521009,20
521,10,1142.1831887457151,21
522,10,1164.0596261474518,22
523,10,1143.423195636195,23
524,10,1165.158036206046,24
525,10,1144.3953017134918,25
526,10,1166.0190137434715,26
527,10,1185.157319230217,27
528,10,1202.1154972617762,28
529,10,1217.2002173110423,29
530,10,1230.6911573204043,30
531,10,1242.8302930550192,31
532,10,1253.8211655809555,32
533,10,1263.8326436899288,33
534,10,1273.004107474856,34
535,10,1241.4505949758723,35
536,10,1252.568531920804,36
537,10,1262.6886431629086,37
538,10,1271.953537396432,38
539,10,1240.4808952151884,39
540,10,1211.6886761106632,40
541,10,1225.752670418682,41
542,10,1238.3778367138386,42
543,10,1249.7819843754446,43
544,10,1260.1465365506424,44
545,10,1269.6214156941255,45
546,10,1278.3303065633418,46
547,10,1286.3754576630056,47
548,10,1293.8417535085262,48
549,10,1300.8000460561113,49
550,11,985.3402267029074,0
551,11,965.7911942401,1
552,11,988.4765891634838,2
553,11,1008.566545473349,3
554,11,1026.3526700461841,4
555,11,1042.145729677439,5
556,11,1056.2381989929168,6
557,11,1028.887512600784,7
558,11,1004.4025233268178,8
559,11,982.6633431293019,9
560,11,1003.4222102340216,10
561,11,981.7950931012957,11
562,11,962.6537575141183,12
563,11,985.6929547180354,13
564,11,1006.1033317861169,14
565,11,984.1699909983971,15
566,11,964.7555959128036,16
567,11,947.5579739969081,17
568,11,932.26872639257,18
569,11,918.6041905527138,19
570,11,946.317799925611,20
571,11,931.1631828063365,21
572,11,917.6129234705196,22
573,11,945.4234664479162,23
574,11,970.3656482870102,24
575,11,952.5321697805639,25
576,11,936.6984945778738,26
577,11,962.5715031796299,27
578,11,985.6199509209099,28
579,11,966.0387292501555,29
580,11,988.6961340978244,30
581,11,968.7608147441609,31
582,11,991.1097436849825,32
583,11,970.8965555589377,33
584,11,953.0026515273138,34
585,11,937.1171315668417,35
586,11,962.9460677876548,36
587,11,945.9523802691343,37
588,11,970.8373441132256,38
589,11,952.9501812149311,39
590,11,937.0704460989643,40
591,11,962.9043002500271,41
592,11,985.9153125762638,42
593,11,966.3000998699,43
594,11,948.9279386733577,44
595,11,933.4894440793892,45
596,11,919.6981904933261,46
597,11,947.3043240445144,47
598,11,972.0426493707149,48
599,11,954.018170786442,49
600,12,765.8359589393037,0
601,12,758.7331788481339,1
602,12,752.0955600041917,2
603,12,745.8702794775368,3
604,12,755.8700615671586,4
605,12,765.0314619710219,5
606,12,758.6004169328884,6
607,12,767.2873023679814,7
608,12,760.9849179506101,8
609,12,769.2462194874888,9
610,12,776.9014306293662,10
611,12,770.4971664907956,11
612,12,777.8400314313988,12
613,12,771.6031986635587,13
614,12,778.6589708164028,14
615,12,745.2550238625855,15
616,12,754.2490069832726,16
617,12,762.54169912362,17
618,12,730.2243120504426,18
619,12,700.4817346501133,19
620,12,673.5584886634684,20
621,12,689.4939867418212,21
622,12,703.7075424457001,22
623,12,676.45953889951,23
624,12,652.0759479894313,24
625,12,630.4310547865817,25
626,12,611.2738986072085,26
627,12,594.2993904224898,27
628,12,579.2007292031448,28
629,12,605.6979583175461,29
630,12,589.3474692573712,30
631,12,614.780818822219,31
632,12,597.410646370787,32
633,12,581.9738531281147,33
634,12,568.1840442914105,34
635,12,555.7914031543456,35
636,12,544.5848981246447,36
637,12,534.3891078590528,37
638,12,525.0591661183473,38
639,12,516.4755417631055,39
640,12,508.5393580600924,40
641,12,501.16845587779324,41
642,12,494.2941866269217,42
643,12,487.8588406586748,43
644,12,512.2194823242622,44
645,12,505.4189134784747,45
646,12,499.04892346910356,46
647,12,521.4229941595949,47
648,12,514.7503516031761,48
649,12,508.4939433921033,49
650,13,827.0324355106422,0
651,13,859.6594846674215,1
652,13,889.7572530118898,2
653,13,877.0563238438529,3
654,13,865.5878056012606,4
655,13,855.1683229319012,5
656,13,845.6463017852984,6
657,13,836.8966977872652,7
658,13,828.8161577337612,8
659,13,821.3189039915092,9
660,13,814.3333626923582,10
661,13,807.7994526468074,11
662,13,788.142147361456,12
663,13,770.7333600651588,13
664,13,755.2635288701196,14
665,13,741.445663985476,15
666,13,729.029228326025,16
667,13,717.8024923354574,17
668,13,707.5894199618682,18
669,13,698.2446285306147,19
670,13,729.6481632357685,20
671,13,718.363791651471,21
672,13,708.1014940156283,22
673,13,698.7144149229073,23
674,13,690.081390679871,24
675,13,682.1022198283338,25
676,13,714.6936725633619,26
677,13,704.7504180801506,27
678,13,695.6376662118807,28
679,13,687.2420298659146,29
680,13,679.4696124404478,30
681,13,712.2422791724997,31
682,13,702.5083924705524,32
683,13,693.575996592313,33
684,13,685.336727171647,34
685,13,677.700753543236,35
686,13,670.5932263544111,36
687,13,703.9514112574466,37
688,13,694.9032271733242,38
689,13,686.5635428139091,39
690,13,678.8399246346473,40
691,13,671.6554200539497,41
692,13,664.9455921913733,42
693,13,658.6561499060297,43
694,13,670.9799804910397,44
695,13,664.698316552689,45
696,13,636.1393872145792,46
697,13,650.4418514794253,47
698,13,663.2692440435643,48
699,13,674.8451831469706,49
700,14,1272.0906893417546,0
701,14,1242.609317385639,1
702,14,1255.960018131069,2
703,14,1267.9801731365296,3
704,14,1278.8697774157465,4
705,14,1248.7946242853407,5
706,14,1261.5195983402684,6
707,14,1273.0085433473105,7
708,14,1283.445453789548,8
709,14,1292.982428259865,9
710,14,1301.744943251108,10
711,14,1309.836703177994,11
712,14,1317.3437696415688,12
713,14,1324.3379460304836,13
714,14,1330.8794995215314,14
715,14,1339.3526588127856,15
716,14,1347.1926457426223,16
717,14,1354.4792449461495,17
718,14,1361.2791846773284,18
719,14,1367.6486165498786,19
720,14,1376.004387236452,20
721,14,1383.7420380052129,21
722,14,1390.9388605724585,22
723,14,1397.6595662722339,23
724,14,1403.958669172328,24
725,14,1419.9767810325066,25
726,14,1394.2605899979328,26
727,14,1400.471598867734,27
728,14,1417.2238175735263,28
729,14,1392.132800025304,29
730,14,1369.8263568112218,30
731,14,1376.607846917858,31
732,14,1382.9609087839194,32
733,14,1402.4563042857587,33
734,14,1379.724288087808,34
735,14,1385.9969257760106,35
736,14,1405.5038617713074,36
737,14,1422.7818746166797,37
738,14,1438.1398464768224,38
739,14,1451.862727675294,39
740,14,1464.198605255134,40
741,14,1475.3568420219208,41
742,14,1485.5113925518544,42
743,14,1494.8058920690614,43
744,14,1503.358862337382,44
745,14,1511.2683613614379,45
746,14,1518.6158866070864,46
747,14,1525.469551619602,47
748,14,1491.8866320495702,48
749,14,1500.6677684206702,49
750,15,1209.2014003869429,0
751,15,1219.4055640833637,1
752,15,1228.7427009254998,2
753,15,1237.3325472760466,3
754,15,1245.274146359341,4
755,15,1212.6497918631037,5
756,15,1182.555130728955,6
757,15,1195.2593644817468,7
758,15,1206.7306901275438,8
759,15,1217.1525681214464,9
760,15,1226.6766445935282,10
761,15,1195.4280232883352,11
762,15,1206.8834689515659,12
763,15,1217.2917974708716,13
764,15,1226.8042473124606,14
765,15,1195.545586474352,15
766,15,1206.9899708243304,16
767,15,1217.3888607843585,17
768,15,1226.8932109349455,18
769,15,1195.62755552269,19
770,15,1167.0642313372541,20
771,15,1141.362216722748,21
772,15,1158.4770311405648,22
773,15,1173.6955186624152,23
774,15,1187.2999887739345,24
775,15,1199.535430712337,25
776,15,1210.608242298622,26
777,15,1180.6897820460647,27
778,15,1193.5809192067584,28
779,15,1205.2109926025732,29
780,15,1215.7682683992039,30
781,15,1185.4084744558652,31
782,15,1157.8296404943733,32
783,15,1173.1184638308632,33
784,15,1186.7826395010748,34
785,15,1159.0687246347172,35
786,15,1174.2230370476552,36
787,15,1187.7730377745384,37
788,15,1159.9622754230854,38
789,15,1175.019874251849,39
790,15,1188.4877991510323,40
791,15,1200.6074099931345,41
792,15,1211.581667148511,42
793,15,1221.5789346598788,43
794,15,1230.7381713867462,44
795,15,1239.1740709280373,45
796,15,1246.981588234273,46
797,15,1254.239713246613,47
798,15,1261.0145313623393,48
799,15,1267.3616723898194,49
800,16,1019.052203816899,0
801,16,997.3459581565813,1
802,16,1018.1341702883323,2
803,16,996.5328942418487,3
804,16,977.4145505067045,4
805,16,1000.4736622380518,5
806,16,980.9021270267114,6
807,16,1003.567955608201,7
808,16,1023.6402419594882,8
809,16,1041.4109235393128,9
810,16,1057.1907402802315,10
811,16,1031.271954360669,11
812,16,1008.1797000716293,12
813,16,1027.7211204246196,13
814,16,1005.0291076349356,14
815,16,984.9331736929926,15
816,16,1007.1418242199933,16
817,16,1026.8026865669128,17
818,16,1004.2145696480727,18
819,16,1024.2124121216802,19
820,16,1001.9180627429312,20
821,16,982.1802853177653,21
822,16,1004.7014356270822,22
823,16,984.6432257477693,23
824,16,966.8848445595319,24
825,16,951.1155749138884,25
826,16,937.0433245977894,26
827,16,924.4111570501071,27
828,16,913.0010603768854,28
829,16,902.631430944581,29
830,16,893.152193752498,30
831,16,884.4395385260862,31
832,16,876.3911147987883,32
833,16,868.9219556265389,33
834,16,861.961142423051,34
835,16,855.4491250596362,35
836,16,841.7716732222426,36
837,16,829.4743273945098,37
838,16,858.3488604703749,38
839,16,892.148367953855,39
840,16,883.6266929367494,40
841,16,915.744444595192,41
842,16,905.2600130523776,42
843,16,895.6822729023313,43
844,16,886.8845675686366,44
845,16,878.7622332257556,45
846,16,871.2284324874253,46
847,16,864.2107349540985,47
848,16,857.6483654232742,48
849,16,883.7055141167498,49
850,17,921.2216568279381,0
851,17,913.2306428444779,1
852,17,945.8117271271738,2
853,17,935.856533095825,3
854,17,926.7335042621125,4
855,17,918.3289650990453,5
856,17,910.5487853835645,6
857,17,903.3146415807913,7
858,17,896.5609874425237,8
859,17,890.2326308810901,9
860,17,913.0905186079715,10
861,17,906.4430235814032,11
862,17,900.2089641276925,12
863,17,921.1956538806686,13
864,17,914.6991632601851,14
865,17,933.6454174714581,15
866,17,926.9602879359202,16
867,17,920.6927850563271,17
868,17,938.2151996496431,18
869,17,931.7944520859941,19
870,17,947.714397148134,20
871,17,941.1975561828519,21
872,17,955.7433201348803,22
873,17,949.1788571340699,23
874,17,922.5467782610651,24
875,17,938.7663386568615,25
876,17,953.2215344144072,26
877,17,946.9390569817749,27
878,17,960.2147676405092,28
879,17,953.9105925981779,29
880,17,966.1735192885686,30
881,17,959.879896763935,31
882,17,971.2689036083214,32
883,17,965.0117753523174,33
884,17,975.6421597550184,34
885,17,969.4420590700378,35
886,17,979.4096327885727,36
887,17,988.5433165273843,37
888,17,982.138421971237,38
889,17,990.7997669908385,39
890,17,984.5222924896235,40
891,17,992.7599611383589,41
892,17,960.3945368781771,42
893,17,970.5971060025829,43
894,17,939.9328726954703,44
895,17,952.0262252055824,45
896,17,922.978135178991,46
897,17,936.7788623619081,47
898,17,949.180763470477,48
899,17,960.3951418315968,49
900,18,1021.452231535051,0
901,18,1054.6369914990419,1
902,18,1085.3842132221619,2
903,18,1113.3807474883488,3
904,18,1098.5093153542614,4
905,18,1125.1993478012346,5
906,18,1149.0361774539388,6
907,18,1170.175592199938,7
908,18,1188.8842758990097,8
909,18,1205.4709746117057,9
910,18,1220.2388416432675,10
911,18,1233.4609528835383,11
912,18,1205.3719908401074,12
913,18,1180.1504754661032,13
914,18,1197.7210157682487,14
915,18,1213.3293172799338,15
916,18,1187.264795073455,16
917,18,1164.0327959732035,17
918,18,1183.447063880531,18
919,18,1200.6445753626385,19
920,18,1215.9337285797558,20
921,18,1229.5981842923463,21
922,18,1241.8845069560518,22
923,18,1253.0005983563324,23
924,18,1223.1191322700224,24
925,18,1236.049389191069,25
926,18,1247.712680850203,26
927,18,1218.2982771278332,27
928,18,1231.7188881485,28
929,18,1243.7983585266413,29
930,18,1214.7384532717574,30
931,18,1188.5269796294306,31
932,18,1165.1536294339382,32
933,18,1144.438993445394,33
934,18,1166.1050438136558,34
935,18,1185.281034544969,35
936,18,1202.2718615577128,36
937,18,1217.384455373899,37
938,18,1230.8990501214882,38
939,18,1243.058252843049,39
940,18,1254.0662009010057,40
941,18,1264.09228186126,41
942,18,1233.2763089519206,42
943,18,1245.2051351334962,43
944,18,1256.0169772085628,44
945,18,1225.8752688031245,45
946,18,1238.5294344757506,46
947,18,1249.9582224062112,47
948,18,1260.3438032148983,48
949,18,1269.8367313115589,49
950,19,988.2274177023817,0
951,19,1012.6108404864361,1
952,19,1034.255577499117,2
953,19,1013.4125946541694,3
954,19,994.965616400106,4
955,19,1018.6045844865789,5
956,19,1039.5622561314206,6
957,19,1058.1103780973463,7
958,19,1034.5585723141128,8
959,19,1053.6807704694088,9
960,19,1030.624996992269,10
961,19,1050.199564626006,11
962,19,1067.5363730783708,12
963,19,1042.9446265249733,13
964,19,1061.1059863863975,14
965,19,1037.2212280847039,15
966,19,1056.0376967976433,16
967,19,1032.7174711014156,17
968,19,1052.0513160760079,18
969,19,1029.179018679246,19
970,19,1008.9200110152398,20
971,19,1030.985997371552,21
972,19,1050.5190240026923,22
973,19,1067.8197143682185,23
974,19,1083.1970779951794,24
975,19,1096.9364238218263,25
976,19,1109.2862658487609,26
977,19,1080.4563779014059,27
978,19,1094.4817281436133,28
979,19,1107.0741233859853,29
980,19,1078.4504238165812,30
981,19,1052.6868270129319,31
982,19,1069.7429107262924,32
983,19,1084.9112301120633,33
984,19,1098.4731189088143,34
985,19,1070.6724409669132,35
986,19,1085.740121048046,36
987,19,1099.2166008017844,37
988,19,1071.343469224631,38
989,19,1046.338662340892,39
990,19,1064.1133156138656,40
991,19,1079.8965380949992,41
992,19,1053.9806467010999,42
993,19,1070.8911635748877,43
994,19,1045.9352011559415,44
995,19,1023.7557413171643,45
996,19,1004.1210564167773,46
997,19,986.7319536603394,47
998,19,1011.2789649768637,48
999,19,1033.075903870231,49
1000,20,822.1865141380737,0
1001,20,812.9371931027816,1
1002,20,804.4233106209552,2
1003,20,796.5478489555535,3
1004,20,829.2301513004287,4
1005,20,819.391696116391,5
1006,20,810.3691876024249,6
1007,20,802.0517612390536,7
1008,20,794.3475629819183,8
1009,20,787.1801084993522,9
1010,20,780.4853398855784,10
1011,20,774.2092738642274,11
1012,20,794.2090981785899,12
1013,20,787.7028289690742,13
1014,20,805.780571474005,14
1015,20,799.1138853845407,15
1016,20,792.862770091728,16
1017,20,809.6256137033513,17
1018,20,803.24404979823,18
1019,20,778.5073003720713,19
1020,20,756.5332525968707,20
1021,20,777.0824742117076,21
1022,20,795.2709954770255,22
1023,20,771.4095896965152,23
1024,20,750.247558077576,24
1025,20,731.5188686986784,25
1026,20,714.9149004900178,26
1027,20,740.1323148450043,27
1028,20,722.5579038264868,28
1029,20,706.9462871673857,29
1030,20,733.0079931028994,30
1031,20,716.2372876091742,31
1032,20,701.3125377945074,32
1033,20,687.9573356564864,33
1034,20,675.9333612775447,34
1035,20,665.0405055467583,35
1036,20,655.1128764408605,36
1037,20,686.0135754213679,37
1038,20,674.1769497867786,38
1039,20,663.4436392377271,39
1040,20,653.6525908548878,40
1041,20,644.6709269682411,41
1042,20,636.3889186468092,42
1043,20,628.7156309983201,43
1044,20,621.5753223960153,44
1045,20,614.9045361137923,45
1046,20,648.6497773466815,46
1047,20,640.0628986949237,47
1048,20,632.1238825411402,48
1049,20,624.7504993874549,49
1050,21,826.3786564014656,0
1051,21,859.6703331423065,1
1052,21,850.5435362336519,2
1053,21,842.1357330228915,3
1054,21,874.3527075777139,4
1055,21,863.9809128324175,5
1056,21,854.499817093036,6
1057,21,885.7855565458051,7
1058,21,874.3710243444041,8
1059,21,863.9976094468988,9
1060,21,854.5151231032967,10
1061,21,845.7996614364527,11
1062,21,837.7487979403642,12
1063,21,870.2775041980747,13
1064,21,860.2620607609573,14
1065,21,851.0871853502633,15
1066,21,842.6377437610206,16
1067,21,834.8184240504205,17
1068,21,827.5499478124324,18
1069,21,820.765996290022,19
1070,21,814.410750243207,20
1071,21,837.7193758602933,21
1072,21,831.0311861816318,22
1073,21,824.7609646289238,23
1074,21,806.1604293521682,24
1075,21,829.6670409300632,25
1076,21,850.5034753544418,26
1077,21,883.8208727458227,27
1078,21,914.724455296073,28
1079,21,902.8909718727816,29
1080,21,892.1603381852839,30
1081,21,882.371582415911,31
1082,21,873.3918941499581,32
1083,21,905.1115992851439,33
1084,21,934.1790374223634,34
1085,21,920.3982918366411,35
1086,21,908.0133373929755,36
1087,21,896.8133681733678,37
1088,21,886.6231614320767,38
1089,21,877.2980177105288,39
1090,21,868.7185426634883,40
1091,21,860.7859705288664,41
1092,21,893.4182318599086,42
1093,21,923.5220111806259,43
1094,21,950.8274756699009,44
1095,21,975.267778257726,45
1096,21,956.9653842584851,46
1097,21,940.7288376027653,47
1098,21,966.259185037613,48
1099,21,948.9810448930857,49
1100,22,834.2008092797431,0
1101,22,824.8856666014027,1
1102,22,816.3148409332274,2
1103,22,808.389797686865,3
1104,22,801.0286542436296,4
1105,22,794.1629856054211,5
1106,22,787.735263478988,6
1107,22,769.7793691657727,7
1108,22,753.8406409948736,8
1109,22,779.6243388134607,9
1110,22,762.5874416172796,10
1111,22,747.4355082955426,11
1112,22,733.8875267352436,12
1113,22,721.7000019172783,13
1114,22,710.6679558008426,14
1115,22,700.6212686255507,15
1116,22,691.4195154955356,16
1117,22,722.9468037142731,17
1118,22,711.7997068513994,18
1119,22,741.6546755201441,19
1120,22,728.6964244059862,20
1121,22,717.0093633472108,21
1122,22,706.4035047173638,22
1123,22,736.7216528647539,23
1124,22,724.2558763617901,24
1125,22,712.9871935039351,25
1126,22,742.7382938871111,26
1127,22,729.6705129334221,27
1128,22,717.8904646668797,28
1129,22,707.205357671084,29
1130,22,697.4555989215899,30
1131,22,688.5095207517213,31
1132,22,680.2583804177202,32
1133,22,672.612041092508,33
1134,22,705.4954060252802,34
1135,22,695.8900691140456,35
1136,22,687.068547531914,36
1137,22,678.9255263719273,37
1138,22,671.3736417235289,38
1139,22,664.3400376566622,39
1140,22,697.7635942382152,40
1141,22,688.7928645155179,41
1142,22,720.5203397652473,42
1143,22,749.596469468848,43
1144,22,735.8247034536107,44
1145,22,723.4473647773987,45
1146,22,712.2538712098194,46
1147,22,702.069196778843,47
1148,22,692.7488072427656,48
1149,22,684.1734437549353,49
1150,23,948.1125715065969,0
1151,23,936.3755820008106,1
1152,23,965.7271681022704,2
1153,23,992.2410986113,3
1154,23,1015.9068039699979,4
1155,23,996.8889992533598,5
1156,23,980.0351475884095,6
1157,23,1005.0394662726769,7
1158,23,1027.2643541470434,8
1159,23,1046.9397823961574,9
1160,23,1064.364343582183,10
1161,23,1079.8476725856806,11
1162,23,1093.6770004878545,12
1163,23,1066.1031578941224,13
1164,23,1041.3969430554869,14
1165,23,1059.4514398686833,15
1166,23,1035.4748461801762,16
1167,23,1054.2066818095282,17
1168,23,1070.8133662024663,18
1169,23,1085.5982669196894,19
1170,23,1098.8348274891548,20
1171,23,1110.758127756307,21
1172,23,1121.5652639289847,22
1173,23,1131.4195269006582,23
1174,23,1100.4556519335165,24
1175,23,1112.2233705501687,25
1176,23,1122.897971322194,26
1177,23,1132.6387292414008,27
1178,23,1101.5770485594717,28
1179,23,1113.2378211250107,29
1180,23,1123.8212698695393,30
1181,23,1133.4839132019138,31
1182,23,1142.354874816403,32
1183,23,1150.5408256949208,33
1184,23,1158.1302265524562,34
1185,23,1165.1968196959544,35
1186,23,1171.8024430076514,36
1187,23,1179.6543807172663,37
1188,23,1186.9514576995648,38
1189,23,1193.7606394977392,39
1190,23,1200.138270302318,40
1191,23,1212.7715866428296,41
1192,23,1184.1826594427919,42
1193,23,1190.6596708812988,43
1194,23,1164.5911476278895,44
1195,23,1171.0084954131719,45
1196,23,1177.6975119738283,46
1197,23,1183.9684681222209,47
1198,23,1199.6571958699155,48
1199,23,1213.6610036430627,49
1200,24,806.5976535547128,0
1201,24,791.1993850475124,1
1202,24,777.4422891422422,2
1203,24,765.0773926015843,3
1204,24,793.8944788443987,4
1205,24,779.8559911027496,5
1206,24,767.2524549301165,6
1207,24,755.8666872152406,7
1208,24,785.5178225167072,8
1209,24,772.3449348827335,9
1210,24,800.4756723029152,10
1211,24,825.739269237692,11
1212,24,808.208465442598,12
1213,24,792.6341926783437,13
1214,24,818.727621535158,14
1215,24,801.9873904282326,15
1216,24,787.0886314968682,16
1217,24,813.7554803329839,17
1218,24,837.5697430159211,18
1219,24,858.6883982638823,19
1220,24,837.3787240727899,20
1221,24,818.5193010312181,21
1222,24,801.8024120003271,22
1223,24,826.9235586093938,23
1224,24,809.2583756766362,24
1225,24,793.5689939679984,25
1226,24,779.5646305334184,26
1227,24,766.9900327063243,27
1228,24,755.6288566557599,28
1229,24,745.3009833039197,29
1230,24,735.8575915057072,30
1231,24,767.1759023162989,31
1232,24,755.797311679863,32
1233,24,745.4545730572653,33
1234,24,735.9984191131211,34
1235,24,727.3057039930247,35
1236,24,719.274616912304,36
1237,24,711.8206272099972,37
1238,24,744.8731689695387,38
1239,24,735.4652625254955,39
1240,24,726.814236940887,40
1241,24,718.8194064111124,41
1242,24,711.3971496428519,42
1243,24,704.4776358594872,43
1244,24,698.0021967519845,44
1245,24,727.5779411310664,45
1246,24,720.5661758842635,46
1247,24,714.009055837488,47
1248,24,701.4399210539743,48
1249,24,690.0833876841527,49
1250,25,1007.5375375668782,0
1251,25,1028.8986974278705,1
1252,25,1047.8037661922906,2
1253,25,1024.5601096376597,3
1254,25,1043.963757735972,4
1255,25,1021.1520480793349,5
1256,25,1000.9478940248861,6
1257,25,1023.0618959723839,7
1258,25,1002.6379189899498,8
1259,25,1024.559331507085,9
1260,25,1003.9630691113529,10
1261,25,985.7332182594284,11
1262,25,969.5590817111748,12
1263,25,995.1425414471435,13
1264,25,1017.914871509438,14
1265,25,998.0834001005027,15
1266,25,1020.5229077158123,16
1267,25,1000.3911809360952,17
1268,25,1022.5685390781072,18
1269,25,1042.2013396474704,19
1270,25,1059.5888028265792,20
1271,25,1075.0403887357327,21
1272,25,1088.8427593516897,22
1273,25,1061.2460542687274,23
1274,25,1036.51710732304,24
1275,25,1054.5503550844537,25
1276,25,1030.5555083945799,26
1277,25,1049.270506458966,27
1278,25,1065.8626556255283,28
1279,25,1080.6351679086615,29
1280,25,1093.86121959616,30
1281,25,1065.7756016103936,31
1282,25,1040.5574528794984,32
1283,25,1018.1311707857977,33
1284,25,998.2747985221906,34
1285,25,1020.692595515853,35
1286,25,1040.541333685557,36
1287,25,1058.1168800913372,37
1288,25,1073.7294691883483,38
1289,25,1047.6685893588149,39
1290,25,1024.4400881690947,40
1291,25,1043.8575422464287,41
1292,25,1021.0578204412137,42
1293,25,1000.8645136731366,43
1294,25,982.9880074053897,44
1295,25,967.1174166741497,45
1296,25,952.9590446669096,46
1297,25,980.2538446805999,47
1298,25,964.6836160117166,48
1299,25,990.7804800779421,49
1300,26,1115.9432309528459,0
1301,26,1133.496050122459,1
1302,26,1109.0891749964483,2
1303,26,1087.4226459937686,3
1304,26,1068.2462291115285,4
1305,26,1091.255032837861,5
1306,26,1071.6378153630499,6
1307,26,1094.2639100848742,7
1308,26,1074.3003295238336,8
1309,26,1056.624592102215,9
1310,26,1080.9261655399666,10
1311,26,1062.494920434219,11
1312,26,1046.1474409341504,12
1313,26,1031.5833530244158,13
1314,26,1018.5340860030439,14
1315,26,1006.7697540745688,15
1316,26,996.0980392262236,16
1317,26,986.3597538151926,17
1318,26,977.4235659266938,18
1319,26,969.1810063730117,19
1320,26,961.5421596751775,20
1321,26,954.4321079454356,21
1322,26,987.7880613453526,22
1323,26,978.7372365496847,23
1324,26,970.395263249648,24
1325,26,962.6696482252909,25
1326,26,955.4833906760164,26
1327,26,948.7720146977485,27
1328,26,942.4811974509121,28
1329,26,918.5621510878891,29
1330,26,897.3470365606885,30
1331,26,918.5713710948529,31
1332,26,937.355198996777,32
1333,26,914.0067785539749,33
1334,26,893.3148984504442,34
1335,26,875.0009713950287,35
1336,26,858.7544996930412,36
1337,26,844.2763996351244,37
1338,26,831.3000591571732,38
1339,26,819.5976394464083,39
1340,26,808.9786893184438,40
1341,26,799.2856173408325,41
1342,26,790.3884126446527,42
1343,26,782.1796819973832,43
1344,26,774.5703804288747,44
1345,26,767.4862934917405,45
1346,26,800.8652009437295,46
1347,26,831.8415496728231,47
1348,26,820.0874523884014,48
1349,26,809.4244591028905,49
1350,27,918.8402322944121,0
1351,27,904.6358577676469,1
1352,27,931.8916470749801,2
1353,27,916.2829177027846,3
1354,27,942.3470764361799,4
1355,27,925.5787264674428,5
1356,27,950.655985749778,6
1357,27,932.9494777496361,7
1358,27,917.2246785069717,8
1359,27,903.1902198706576,9
1360,27,930.5901004772493,10
1361,27,915.1237564993672,11
1362,27,941.3088530788644,12
1363,27,964.6567985063948,13
1364,27,958.0676245302435,14
1365,27,979.13762751964,15
1366,27,1012.294606772626,16
1367,27,1003.0091732471693,17
1368,27,994.464045594943,18
1369,27,986.5613748668642,19
1370,27,1019.2198325425749,20
1371,27,1009.3538394378547,21
1372,27,1000.3076112984598,22
1373,27,991.9696223642442,23
1374,27,984.2474832826246,24
1375,27,977.0642771800879,25
1376,27,1010.3555960749771,26
1377,27,1001.2283767023521,27
1378,27,992.8202075438998,28
1379,27,985.0368630561555,29
1380,27,1017.799942682771,30
1381,27,1008.0549462671615,31
1382,27,999.1129732370002,32
1383,27,990.865394421207,33
1384,27,983.2221648914352,34
1385,27,976.1082621566061,35
1386,27,969.460811685958,36
1387,27,963.2267918355359,37
1388,27,942.7880154628211,38
1389,27,964.6964456582399,39
1390,27,984.0885859904821,40
1391,27,977.5960449886521,41
1392,27,955.1415710204968,42
1393,27,975.259827596148,43
1394,27,953.0706915810673,44
1395,27,933.4273305328531,45
1396,27,956.0306781854341,46
1397,27,976.0465738907085,47
1398,27,993.767990503486,48
1399,27,1027.175056860552,49
1400,28,1041.0027366061017,0
1401,28,1071.8571948025326,1
1402,28,1099.9702191282106,2
1403,28,1085.2159677034863,3
1404,28,1112.005406124548,4
1405,28,1135.939131954609,5
1406,28,1117.167773678797,6
1407,28,1100.526963295134,7
1408,28,1085.7129738890833,8
1409,28,1072.451737374821,9
1410,28,1060.5074967005023,10
1411,28,1049.6825280654427,11
1412,28,1039.8129996640694,12
1413,28,1030.7637267576092,13
1414,28,1022.4230986123666,14
1415,28,1014.6986570800084,15
1416,28,1007.5134296985588,16
1417,28,1040.802963498336,17
1418,28,1071.6736367686149,18
1419,28,1059.804308942854,19
1420,28,1049.0431412202972,20
1421,28,1039.2282364874416,21
1422,28,1070.2260167536174,22
1423,28,1058.495335047054,23
1424,28,1087.8522969622243,24
1425,28,1114.371824801113,25
1426,28,1098.0429589254295,26
1427,28,1083.4947191680096,27
1428,28,1070.4588933007326,28
1429,28,1058.7059718101975,29
1430,28,1048.0439805133126,30
1431,28,1038.314026038757,31
1432,28,1069.3850201336084,32
1433,28,1057.7344484236053,33
1434,28,1047.1596961647883,34
1435,28,1037.5045076748506,35
1436,28,1068.639976376278,36
1437,28,1057.060104676297,37
1438,28,1046.545636330236,38
1439,28,1036.9421354527235,39
1440,28,1068.1221982285058,40
1441,28,1056.5913104204787,41
1442,28,1046.1186200817056,42
1443,28,1076.5509509358062,43
1444,28,1104.2076183043546,44
1445,28,1088.9962457422077,45
1446,28,1115.3978148385304,46
1447,28,1138.9546848236887,47
1448,28,1119.8371239952812,48
1449,28,1102.8969137766687,49
1450,29,965.367882131902,0
1451,29,957.1111217972909,1
1452,29,949.4598755014034,2
1453,29,942.3389292518557,3
1454,29,935.6852534736819,4
1455,29,929.4457005044147,5
1456,29,948.8198206569451,6
1457,29,942.3683801085759,7
1458,29,959.8958556022499,8
1459,29,953.2990674591138,9
1460,29,929.2330939104894,10
1461,29,907.8824294275045,11
1462,29,928.9866679595656,12
1463,29,907.6642476075394,13
1464,29,888.7935269283114,14
1465,29,872.0668740188719,15
1466,29,897.1796944837832,16
1467,29,879.5066687875653,17
1468,29,863.8105661407089,18
1469,29,849.8004919645196,19
1470,29,837.2210512550025,20
1471,29,865.8557596146663,21
1472,29,851.6305958122713,22
1473,29,838.8687555272104,23
1474,29,867.3484939974097,24
1475,29,852.9654129392205,25
1476,29,880.0696545312505,26
1477,29,864.3116943913553,27
1478,29,850.249055509813,28
1479,29,837.6250386431348,29
1480,29,826.2218676690015,30
1481,29,815.8581490730975,31
1482,29,806.3839854433559,32
1483,29,797.6757126266008,33
1484,29,789.6310988552563,34
1485,29,782.1652731445741,35
1486,29,775.2073944757229,36
1487,29,768.6979755897166,37
1488,29,775.5761436240715,38
1489,29,769.2570886884116,39
1490,29,775.894834483048,40
1491,29,782.1202278628548,41
1492,29,775.7942774619077,42
1493,29,791.7277629049061,43
1494,29,785.3005610946412,44
1495,29,779.0484323179113,45
1496,29,753.9358605336548,46
1497,29,760.6523144858841,47
1498,29,766.9476415598484,48
1499,29,743.8855681393485,49
