,Player,Elo,#Questions
0,0,978.7345658195024,0
1,0,990.1156616101226,1
2,0,1002.7397233050723,2
3,0,1015.1734522292727,3
4,0,1006.2639938362857,4
5,1,981.0524941046642,0
6,1,972.5502482888979,1
7,1,963.7843290784075,2
8,1,976.5415188024745,3
9,1,967.7810495596042,4
10,2,960.913647748921,0
11,2,952.7212020318982,1
12,2,945.4332791305247,2
13,2,937.7820506388192,3
14,2,948.011358034713,4
15,3,982.9342265094265,0
16,3,974.8384622312609,1
17,3,966.485953513718,2
18,3,959.0244668286211,3
19,3,971.2110688767624,4
20,4,1000.0219091888032,0
21,4,991.6755422754462,1
22,4,1004.0721518118629,2
23,4,995.1298169402934,3
24,4,987.0897018538508,4
25,5,1052.8421044605368,0
26,5,1043.2308070438316,1
27,5,1033.833536419232,2
28,5,1024.2956223796148,3
29,5,1035.6645021724028,4
30,6,999.1956717403134,0
31,6,991.3700026454633,1
32,6,983.6933971626651,2
33,6,995.8395908242718,3
34,6,1007.6874519860481,4
35,7,979.5790224004669,0
36,7,991.5492608945511,1
37,7,984.3146085136141,2
38,7,997.1020090427131,3
39,7,989.4782829493282,4
40,8,1014.0741449203719,0
41,8,1025.6981917504722,1
42,8,1037.4973376566015,2
43,8,1027.4262994617134,3
44,8,1037.7008870065692,4
45,9,979.2479441462397,0
46,9,991.9920586111082,1
47,9,983.5088391652035,2
48,9,994.745453495746,3
49,9,1005.5870528231171,4
50,10,1016.1325724742462,0
51,10,1008.6438608978378,1
52,10,1000.2336557886639,2
53,10,1011.7572300773055,3
54,10,1021.8637325479972,4
55,11,973.6783319657219,0
56,11,986.4553024042117,1
57,11,998.0422044888195,2
58,11,1008.2525416036557,3
59,11,998.395315143168,4
60,12,1013.201005532119,0
61,12,1024.6370257592193,1
62,12,1015.6509195531066,2
63,12,1006.0772734839212,3
64,12,1015.7626005481528,4
65,13,995.5223688605774,0
66,13,1007.6054472133924,1
67,13,998.5364745939509,2
68,13,988.1601510519679,3
69,13,979.1615855762401,4
70,14,1014.4133901672994,0
71,14,1025.7359921620232,1
72,14,1036.6302179047366,2
73,14,1026.9894208004946,3
74,14,1016.0950288047146,4
75,15,1015.0475850521606,0
76,15,1005.9359339179415,1
77,15,997.4446228306058,2
78,15,1007.7117043822595,3
79,15,998.4116211915373,4
80,16,961.1897041116908,0
81,16,973.8288420515551,1
82,16,986.4546754200943,2
83,16,976.7425466971108,3
84,16,968.5814913816114,4
85,17,996.8318306384483,0
86,17,1008.1377884040357,1
87,17,999.4677809929219,2
88,17,1009.6606981399152,3
89,17,1000.8032259536036,4
90,18,1015.9757337435559,0
91,18,1026.4124974127615,1
92,18,1017.4700020103697,2
93,18,1026.8522095607993,3
94,18,1017.7573907167489,4
95,19,1035.0897621357897,0
96,19,1025.3305963762923,1
97,19,1015.1979970670798,2
98,19,1006.8250453875971,3
99,19,996.2434670333583,4
100,20,1012.9692305073938,0
101,20,1003.4835974397771,1
102,20,995.6676405394335,2
103,20,985.7111031134818,3
104,20,978.0221595032763,4
105,21,971.8449333283464,0
106,21,983.7912739272117,1
107,21,974.462129153479,2
108,21,983.3459859302039,3
109,21,975.9290705893857,4
110,22,1016.2562563622216,0
111,22,1026.605502477679,1
112,22,1018.3662197106179,2
113,22,1028.3114520348017,3
114,22,1039.8610828575868,4
115,23,999.590860642425,0
116,23,990.1215432360564,1
117,23,980.5931253035942,2
118,23,973.1391066210386,3
119,23,961.808610615703,4
120,24,1048.9030048243478,0
121,24,1039.398049094184,1
122,24,1029.0561698787908,2
123,24,1020.9778446779702,3
124,24,1010.8359204931845,4
125,25,995.313773299833,0
126,25,986.5321879176756,1
127,25,977.6686569405801,2
128,25,986.5309201401994,3
129,25,979.1176675530861,4
130,26,938.5763822026281,0
131,26,928.3038549666105,1
132,26,918.8281532608204,2
133,26,908.0042617594988,3
134,26,897.9112208737109,4
135,27,921.6016446187971,0
136,27,912.5888360935835,1
137,27,902.2543162663201,2
138,27,909.5790139068664,3
139,27,899.7311346589707,4
140,28,1013.1088267693726,0
141,28,1004.0709114923766,1
142,28,995.1737937560654,2
143,28,1007.7274878362277,3
144,28,1000.4493824831119,4
145,29,1056.2864893266449,0
146,29,1066.2689381227262,1
147,29,1057.578171681815,2
148,29,1067.4015937426966,3
149,29,1057.5728539989195,4
150,30,999.7895705567568,0
151,30,1011.1031784719703,1
152,30,1001.9792475482931,2
153,30,1014.2747793033868,3
154,30,1022.4219192118254,4
155,31,957.8947039991584,0
156,31,950.5052440061593,1
157,31,940.23174215255,2
158,31,930.9441427012155,3
159,31,940.379243248653,4
160,32,1015.9804973972368,0
161,32,1006.7404835532045,1
162,32,998.2089718310655,2
163,32,990.270787481616,3
164,32,979.1530580827987,4
165,33,1013.9438673698245,0
166,33,1005.0256400626254,1
167,33,996.7813552768039,2
168,33,1009.0997922599275,3
169,33,1017.7634655428405,4
170,34,992.8919541814876,0
171,34,1004.816291154951,1
172,34,996.8067720019877,2
173,34,988.786372945889,3
174,34,997.7807228460738,4
175,35,1022.3231675692722,0
176,35,1033.0800411956493,1
177,35,1025.5500712024823,2
178,35,1037.1864052688854,3
179,35,1048.2569985245002,4
180,36,941.6130553729985,0
181,36,951.7028710054506,1
182,36,942.352716299986,2
183,36,931.192533535711,3
184,36,923.870018307791,4
185,37,942.9394327460005,0
186,37,952.7007117085006,1
187,37,963.5895213752266,2
188,37,956.3872563636858,3
189,37,965.1455366421038,4
190,38,959.629443918848,0
191,38,952.2470000011266,1
192,38,942.8371285632832,2
193,38,951.7314270673398,3
194,38,944.0523244391148,4
195,39,1054.3648419076535,0
196,39,1065.1107881954895,1
197,39,1074.9672069736744,2
198,39,1086.488608723331,3
199,39,1076.051193348992,4
200,40,1000.894965975865,0
201,40,1012.3064764742384,1
202,40,1004.2781649750139,2
203,40,1016.1658009682966,3
204,40,1025.1908298986646,4
205,41,1016.9478564360431,0
206,41,1027.577531557122,1
207,41,1020.0883563123206,2
208,41,1032.0668609926902,3
209,41,1042.8339223532423,4
210,42,962.1386741145966,0
211,42,974.0181598923973,1
212,42,986.115992413808,2
213,42,978.6944360776039,3
214,42,966.8985418808244,4
215,43,979.6335298102105,0
216,43,970.6862511465117,1
217,43,982.54165200261,2
218,43,970.9680349028291,3
219,43,961.0310910676458,4
220,44,981.8698790402707,0
221,44,993.113204576535,1
222,44,985.7030462462926,2
223,44,996.8022849651127,3
224,44,1005.1533376231843,4
225,45,1035.8515992945295,0
226,45,1045.224886326121,1
227,45,1057.4598205377638,2
228,45,1050.0763822123351,3
229,45,1041.2942487127284,4
230,46,1037.1446351842378,0
231,46,1026.2128094633856,1
232,46,1038.6322346285867,2
233,46,1030.4189501404408,3
234,46,1019.9165830112079,4
235,47,977.816766225932,0
236,47,968.900196636457,1
237,47,960.4575635288711,2
238,47,969.6012472932453,3
239,47,959.9894566423625,4
240,48,980.9261825253316,0
241,48,972.1744803713023,1
242,48,983.8766502305008,2
243,48,972.1000535138622,3
244,48,982.6924916252079,4
245,49,979.321953065384,0
246,49,970.8625000150727,1
247,49,982.2728825745811,2
248,49,970.8716308033731,3
249,49,981.1951325457227,4
